    1.00    30.69
    2.00    43.03
    3.00    47.62
    4.00    74.09
    5.00    38.61
    6.00    34.21
    7.00    42.87
    8.00    69.82
    9.00    22.41
   10.00   120.39
   11.00    31.87
   12.00    55.05
   13.00    78.57
   14.00    84.03
   15.00   119.32
   16.00    91.81
   17.00    76.45
   18.00    24.31
   19.00    23.65
   20.00    30.79
   21.00    46.35
   22.00    26.47
   23.00    45.10
   24.00   147.59
   25.00   157.28
   26.00    40.44
   27.00   150.06
   28.00   110.14
   29.00   107.17
   30.00    59.15
   31.00    86.30
   32.00   157.62
   33.00    63.67
   34.00    58.94
   35.00    57.80
   36.00    44.40
   37.00   156.93
   38.00   141.87
   39.00   208.93
   40.00   350.77
   41.00   114.52
   42.00    50.21
   43.00    79.23
   44.00   145.85
   45.00   251.10
   46.00    59.57
   47.00   323.41
   48.00   125.50
   49.00    54.25
   50.00   231.34
